Coeficientes encontrados 585 iterações
 a1 = 0.0016334299963878325
 a2 = -0.0036452566967291235
 a3 = 0.9980281691861801
Coeficientes encontrados 70 iterações
 a1 = 0.0010595176417695109
 a2 = -0.0046876130467086
 a3 = 0.9979328187025134
Coeficientes encontrados 209 iterações
 a1 = 0.0036744046624812452
 a2 = -0.007138516525389158
 a3 = 0.9821865568197794
Coeficientes encontrados 301 iterações
 a1 = 0.0037161691244121707
 a2 = -0.007090688411320944
 a3 = 0.9749951133608751
